0,1,2,3,4,5,6,7,8,9,10,11,12,13
0.0,0.0,1.0,0.0,0.0,0.0,1.0,2.0,21.0,2.0,12.9925,77.5633,560021.0,0.0
0.0,0.0,1.0,0.0,0.0,1.0,0.0,3.0,24.0,3.0,12.977,77.5773,560009.0,1.0
0.0,0.0,1.0,0.0,0.0,1.0,0.0,3.0,24.0,5.0,12.9883,77.5987,560051.0,1.0
1.0,0.0,1.0,0.0,0.0,1.0,0.0,3.0,23.0,4.0,12.9925,77.5633,560021.0,1.0
1.0,0.0,0.0,0.0,0.0,0.0,3.0,2.0,29.0,4.0,12.9261,77.6221,560034.0,0.0
1.0,0.0,1.0,0.0,0.0,1.0,1.0,2.0,23.0,3.0,12.8652,77.524,560109.0,0.0
1.0,0.0,1.0,0.0,0.0,1.0,0.0,2.0,21.0,2.0,12.9579,77.6309,560007.0,1.0
0.0,0.0,1.0,0.0,0.0,1.0,2.0,3.0,22.0,5.0,12.985,77.5533,560010.0,1.0
0.0,0.0,0.0,1.0,0.0,0.0,0.0,1.0,31.0,5.0,13.0289,77.54,560022.0,1.0
1.0,0.0,0.0,0.0,0.0,0.0,2.0,2.0,32.0,4.0,12.9783,77.6408,560038.0,1.0
1.0,0.0,1.0,0.0,1.0,0.0,4.0,1.0,25.0,3.0,12.9859,77.6713,560093.0,1.0
0.0,0.0,0.0,0.0,0.0,0.0,2.0,3.0,26.0,2.0,12.9828,77.6131,560042.0,1.0
1.0,0.0,1.0,0.0,0.0,0.0,3.0,2.0,26.0,2.0,12.9261,77.6221,560034.0,0.0
0.0,0.0,1.0,0.0,0.0,1.0,0.0,2.0,24.0,3.0,12.977,77.5773,560009.0,1.0
0.0,0.0,0.0,1.0,0.0,0.0,0.0,1.0,23.0,6.0,12.9442,77.6076,560030.0,1.0
1.0,0.0,1.0,0.0,0.0,0.0,2.0,3.0,23.0,2.0,12.985,77.5533,560010.0,1.0
0.0,0.0,1.0,0.0,0.0,1.0,0.0,3.0,24.0,6.0,12.8893,77.6399,560068.0,1.0
0.0,0.0,0.0,1.0,0.0,0.0,0.0,2.0,31.0,5.0,13.0078,77.5577,560055.0,1.0
1.0,0.0,1.0,0.0,0.0,1.0,0.0,3.0,23.0,3.0,12.977,77.5773,560009.0,1.0
0.0,0.0,1.0,0.0,0.0,1.0,0.0,3.0,20.0,4.0,12.9766,77.5993,560001.0,1.0
0.0,0.0,1.0,0.0,0.0,1.0,0.0,3.0,23.0,4.0,12.9854,77.7081,560048.0,1.0
1.0,0.0,1.0,0.0,0.0,1.0,0.0,2.0,20.0,2.0,12.9579,77.6309,560007.0,1.0
1.0,0.0,1.0,0.0,0.0,1.0,0.0,3.0,23.0,2.0,12.8845,77.6036,560076.0,1.0
1.0,0.0,0.0,0.0,1.0,0.0,4.0,1.0,25.0,2.0,13.0626,77.5284,560015.0,1.0
1.0,0.0,1.0,0.0,0.0,1.0,0.0,2.0,21.0,5.0,12.9783,77.6408,560038.0,1.0
1.0,0.0,1.0,0.0,0.0,1.0,0.0,2.0,21.0,4.0,12.977,77.5773,560009.0,1.0
1.0,0.0,1.0,0.0,0.0,1.0,0.0,2.0,21.0,5.0,12.9783,77.6408,560038.0,1.0
1.0,0.0,0.0,0.0,1.0,0.0,2.0,1.0,22.0,3.0,12.982,77.6256,560008.0,0.0
1.0,0.0,1.0,0.0,0.0,1.0,0.0,3.0,26.0,4.0,12.9048,77.6821,560036.0,1.0
0.0,0.0,1.0,0.0,0.0,0.0,4.0,3.0,25.0,6.0,13.014,77.5658,560012.0,0.0
1.0,0.0,1.0,0.0,0.0,1.0,0.0,2.0,24.0,2.0,12.9561,77.5921,560027.0,1.0
0.0,0.0,1.0,0.0,0.0,1.0,0.0,3.0,23.0,4.0,12.9854,77.7081,560048.0,1.0
1.0,0.0,1.0,0.0,1.0,0.0,4.0,2.0,25.0,2.0,12.9783,77.6408,560038.0,1.0
1.0,0.0,1.0,0.0,0.0,1.0,0.0,3.0,24.0,3.0,13.0626,77.5284,560015.0,1.0
0.0,0.0,0.0,0.0,0.0,1.0,0.0,2.0,28.0,2.0,13.0067,77.545,560086.0,1.0
1.0,0.0,1.0,0.0,0.0,0.0,3.0,3.0,26.0,3.0,13.014,77.5658,560012.0,1.0
1.0,0.0,1.0,0.0,0.0,1.0,0.0,3.0,25.0,3.0,12.982,77.6256,560008.0,1.0
1.0,0.0,1.0,0.0,0.0,1.0,1.0,3.0,23.0,2.0,12.977,77.5773,560009.0,1.0
1.0,0.0,1.0,0.0,0.0,1.0,0.0,3.0,23.0,3.0,12.9343,77.6044,560029.0,1.0
0.0,0.0,1.0,0.0,0.0,1.0,1.0,3.0,22.0,4.0,12.9343,77.6044,560029.0,1.0
0.0,0.0,1.0,0.0,0.0,1.0,0.0,2.0,22.0,3.0,13.0158,77.539,560096.0,0.0
0.0,0.0,1.0,0.0,0.0,1.0,0.0,3.0,25.0,3.0,12.9551,77.6593,560017.0,1.0
0.0,1.0,0.0,0.0,0.0,0.0,3.0,3.0,27.0,5.0,13.0289,77.54,560022.0,1.0
1.0,0.0,1.0,0.0,0.0,1.0,0.0,3.0,23.0,3.0,12.977,77.5773,560009.0,1.0
0.0,0.0,1.0,0.0,0.0,1.0,0.0,3.0,23.0,4.0,12.8988,77.5764,560078.0,1.0
0.0,0.0,0.0,0.0,0.0,0.0,3.0,2.0,29.0,4.0,12.9783,77.6408,560038.0,0.0
1.0,0.0,1.0,0.0,0.0,1.0,0.0,3.0,23.0,3.0,12.9967,77.7582,560067.0,1.0
0.0,0.0,1.0,0.0,0.0,1.0,0.0,2.0,22.0,6.0,12.9473,77.5616,560019.0,1.0
1.0,0.0,1.0,0.0,1.0,0.0,4.0,2.0,25.0,2.0,12.9783,77.6408,560038.0,1.0
0.0,0.0,0.0,0.0,0.0,0.0,4.0,2.0,29.0,3.0,12.957,77.5637,560018.0,1.0
0.0,0.0,1.0,0.0,0.0,1.0,0.0,4.0,25.0,3.0,12.9048,77.6821,560036.0,1.0
0.0,0.0,1.0,0.0,0.0,1.0,0.0,3.0,22.0,1.0,12.8845,77.6036,560076.0,1.0
0.0,0.0,1.0,0.0,0.0,1.0,0.0,2.0,22.0,4.0,12.9983,77.6409,560033.0,1.0
1.0,0.0,1.0,0.0,0.0,1.0,0.0,3.0,22.0,4.0,12.9783,77.6408,560038.0,1.0
0.0,0.0,1.0,0.0,0.0,1.0,0.0,2.0,23.0,5.0,13.0206,77.6479,560043.0,1.0
1.0,0.0,1.0,0.0,0.0,1.0,0.0,2.0,19.0,6.0,12.9048,77.6821,560036.0,1.0
1.0,0.0,1.0,0.0,0.0,1.0,0.0,3.0,23.0,1.0,12.9561,77.5921,560027.0,1.0
0.0,0.0,1.0,0.0,0.0,1.0,0.0,3.0,25.0,3.0,12.9766,77.5993,560001.0,1.0
0.0,0.0,1.0,0.0,0.0,0.0,2.0,2.0,22.0,5.0,12.9698,77.75,560066.0,1.0
1.0,0.0,0.0,0.0,0.0,0.0,4.0,2.0,26.0,4.0,12.9048,77.6821,560036.0,1.0
1.0,0.0,1.0,0.0,0.0,0.0,4.0,4.0,27.0,4.0,13.0503,77.5529,560013.0,1.0
0.0,0.0,0.0,0.0,0.0,0.0,3.0,4.0,29.0,3.0,12.9847,77.5491,560100.0,1.0
1.0,0.0,1.0,0.0,1.0,0.0,4.0,2.0,29.0,6.0,12.8845,77.6036,560076.0,1.0
0.0,0.0,1.0,0.0,0.0,0.0,3.0,2.0,24.0,2.0,12.8893,77.6399,560068.0,1.0
1.0,0.0,1.0,0.0,0.0,1.0,0.0,3.0,24.0,2.0,12.9706,77.6529,560075.0,1.0
0.0,0.0,0.0,0.0,0.0,0.0,4.0,3.0,27.0,2.0,12.9299,77.6848,560103.0,1.0
0.0,0.0,0.0,0.0,1.0,0.0,2.0,3.0,27.0,2.0,12.9261,77.6221,560034.0,1.0
1.0,0.0,1.0,0.0,0.0,0.0,3.0,2.0,29.0,3.0,13.0641,77.5931,560092.0,0.0
0.0,0.0,1.0,0.0,0.0,1.0,0.0,3.0,23.0,3.0,12.9369,77.6407,560095.0,1.0
0.0,0.0,1.0,0.0,0.0,1.0,0.0,3.0,23.0,4.0,13.0487,77.5923,560024.0,1.0
0.0,0.0,0.0,0.0,1.0,0.0,2.0,2.0,26.0,5.0,12.9706,77.6529,560075.0,0.0
0.0,0.0,1.0,0.0,0.0,1.0,0.0,3.0,22.0,3.0,12.977,77.5773,560009.0,1.0
1.0,0.0,1.0,0.0,0.0,1.0,0.0,3.0,21.0,4.0,12.977,77.5773,560009.0,1.0
0.0,0.0,1.0,0.0,0.0,1.0,0.0,2.0,22.0,6.0,12.9473,77.5616,560019.0,1.0
1.0,0.0,1.0,0.0,0.0,1.0,0.0,2.0,25.0,4.0,12.8988,77.5764,560078.0,0.0
0.0,0.0,1.0,0.0,0.0,1.0,0.0,3.0,24.0,3.0,12.977,77.5773,560009.0,1.0
1.0,0.0,1.0,0.0,0.0,0.0,1.0,2.0,25.0,2.0,12.9698,77.75,560066.0,1.0
1.0,0.0,0.0,0.0,1.0,0.0,4.0,2.0,27.0,3.0,12.989,77.5332,560079.0,1.0
